 &plot nbnd=   8, nks=   141 /
            0.000000  0.000000  0.000000
   -5.758    6.205    6.205    6.205    8.768    8.768    8.768    9.567
            0.000000  0.035355  0.000000
   -5.747    6.131    6.158    6.158    8.741    8.828    8.828    9.640
            0.000000  0.070711  0.000000
   -5.714    5.925    6.029    6.029    8.663    8.998    8.998    9.838
            0.000000  0.106066  0.000000
   -5.659    5.626    5.845    5.845    8.542    9.250    9.250   10.110
            0.000000  0.141421  0.000000
   -5.583    5.267    5.628    5.628    8.390    9.560    9.560   10.394
            0.000000  0.176777  0.000000
   -5.485    4.871    5.398    5.398    8.217    9.909    9.909   10.601
            0.000000  0.212132  0.000000
   -5.365    4.453    5.165    5.165    8.034   10.288   10.288   10.619
            0.000000  0.247487  0.000000
   -5.224    4.021    4.936    4.936    7.849   10.422   10.686   10.686
            0.000000  0.282843  0.000000
   -5.062    3.581    4.716    4.716    7.668   10.097   11.101   11.101
            0.000000  0.318198  0.000000
   -4.879    3.135    4.508    4.508    7.496    9.723   11.527   11.527
            0.000000  0.353553  0.000000
   -4.676    2.687    4.314    4.314    7.337    9.342   11.964   11.964
            0.000000  0.388909  0.000000
   -4.452    2.237    4.136    4.136    7.193    8.972   12.408   12.408
            0.000000  0.424264  0.000000
   -4.209    1.788    3.974    3.974    7.068    8.623   12.860   12.860
            0.000000  0.459619  0.000000
   -3.946    1.341    3.830    3.830    6.964    8.301   13.317   13.317
            0.000000  0.494975  0.000000
   -3.664    0.897    3.704    3.704    6.881    8.009   13.780   13.780
            0.000000  0.530330  0.000000
   -3.364    0.458    3.597    3.597    6.822    7.748   14.247   14.247
            0.000000  0.565685  0.000000
   -3.046    0.025    3.509    3.509    6.788    7.519   14.718   14.718
            0.000000  0.601041  0.000000
   -2.711   -0.399    3.440    3.440    6.779    7.322   15.190   15.190
            0.000000  0.636396  0.000000
   -2.360   -0.815    3.391    3.391    6.797    7.156   15.654   15.654
            0.000000  0.671751  0.000000
   -1.994   -1.220    3.361    3.361    6.843    7.022   16.081   16.081
            0.000000  0.707107  0.000000
   -1.614   -1.614    3.351    3.351    6.917    6.917   16.309   16.309
            0.008839  0.707107  0.008839
   -1.614   -1.612    3.342    3.352    6.919    6.931   16.294   16.301
            0.017678  0.707107  0.017678
   -1.616   -1.608    3.314    3.356    6.922    6.973   16.248   16.277
            0.026517  0.707107  0.026517
   -1.619   -1.600    3.269    3.361    6.929    7.041   16.176   16.237
            0.035355  0.707107  0.035355
   -1.623   -1.590    3.209    3.369    6.938    7.132   16.081   16.183
            0.044194  0.707107  0.044194
   -1.629   -1.577    3.137    3.379    6.949    7.246   15.968   16.116
            0.053033  0.707107  0.053033
   -1.636   -1.560    3.055    3.391    6.963    7.378   15.842   16.039
            0.061872  0.707107  0.061872
   -1.644   -1.541    2.965    3.405    6.979    7.528   15.706   15.952
            0.070711  0.707107  0.070711
   -1.655   -1.519    2.870    3.421    6.998    7.692   15.561   15.856
            0.079550  0.707107  0.079550
   -1.668   -1.494    2.773    3.440    7.020    7.870   15.412   15.754
            0.088388  0.707107  0.088388
   -1.683   -1.466    2.675    3.461    7.043    8.058   15.258   15.647
            0.097227  0.707107  0.097227
   -1.701   -1.435    2.577    3.483    7.070    8.256   15.101   15.535
            0.106066  0.707107  0.106066
   -1.722   -1.401    2.481    3.508    7.098    8.463   14.943   15.419
            0.114905  0.707107  0.114905
   -1.746   -1.364    2.388    3.535    7.129    8.678   14.783   15.301
            0.123744  0.707107  0.123744
   -1.774   -1.324    2.300    3.564    7.163    8.900   14.623   15.180
            0.132583  0.707107  0.132583
   -1.805   -1.281    2.217    3.595    7.199    9.127   14.463   15.051
            0.141421  0.707107  0.141421
   -1.841   -1.236    2.140    3.628    7.237    9.360   14.304   14.881
            0.150260  0.707107  0.150260
   -1.881   -1.187    2.069    3.663    7.277    9.599   14.145   14.713
            0.159099  0.707107  0.159099
   -1.925   -1.135    2.006    3.699    7.320    9.841   13.987   14.547
            0.167938  0.707107  0.167938
   -1.974   -1.081    1.950    3.738    7.365   10.088   13.830   14.384
            0.176777  0.707107  0.176777
   -2.027   -1.024    1.902    3.779    7.412   10.337   13.675   14.223
            0.194454  0.698268  0.167938
   -2.057   -0.991    1.886    3.780    7.467   10.466   13.494   14.135
            0.212132  0.689429  0.159099
   -2.090   -0.954    1.882    3.743    7.584   10.601   13.178   13.889
            0.229810  0.680590  0.150260
   -2.122   -0.917    1.889    3.676    7.755   10.740   12.806   13.633
            0.247487  0.671751  0.141421
   -2.152   -0.880    1.907    3.588    7.973   10.879   12.414   13.392
            0.265165  0.662913  0.132583
   -2.179   -0.846    1.935    3.488    8.229   11.009   12.031   13.162
            0.282843  0.654074  0.123744
   -2.203   -0.817    1.970    3.385    8.517   11.084   11.707   12.942
            0.300520  0.645235  0.114905
   -2.222   -0.793    2.008    3.289    8.829   10.959   11.591   12.732
            0.318198  0.636396  0.106066
   -2.236   -0.776    2.044    3.210    9.160   10.643   11.673   12.538
            0.335876  0.627557  0.097227
   -2.244   -0.766    2.070    3.156    9.500   10.288   11.794   12.374
            0.353553  0.618718  0.088388
   -2.247   -0.762    2.079    3.138    9.749   10.032   11.858   12.298
            0.371231  0.609880  0.079550
   -2.244   -0.766    2.070    3.156    9.500   10.288   11.794   12.374
            0.388909  0.601041  0.070711
   -2.236   -0.776    2.044    3.210    9.160   10.643   11.673   12.538
            0.406586  0.592202  0.061872
   -2.222   -0.793    2.008    3.289    8.829   10.959   11.591   12.732
            0.424264  0.583363  0.053033
   -2.203   -0.817    1.970    3.385    8.517   11.084   11.707   12.942
            0.441942  0.574524  0.044194
   -2.179   -0.846    1.935    3.488    8.229   11.009   12.031   13.162
            0.459619  0.565685  0.035355
   -2.152   -0.880    1.907    3.588    7.973   10.879   12.414   13.392
            0.477297  0.556847  0.026517
   -2.122   -0.917    1.889    3.676    7.755   10.740   12.806   13.633
            0.494975  0.548008  0.017678
   -2.090   -0.954    1.882    3.743    7.584   10.601   13.178   13.889
            0.512652  0.539169  0.008839
   -2.057   -0.991    1.886    3.780    7.467   10.466   13.494   14.135
            0.530330  0.530330  0.000000
   -2.027   -1.024    1.902    3.779    7.412   10.337   13.675   14.223
            0.503814  0.503814  0.000000
   -2.215   -0.834    1.808    3.911    7.565   11.101   13.218   13.762
            0.477297  0.477297  0.000000
   -2.440   -0.619    1.786    4.058    7.735   11.856   12.778   13.357
            0.450781  0.450781  0.000000
   -2.693   -0.377    1.833    4.217    7.919   12.357   12.395   13.211
            0.424264  0.424264  0.000000
   -2.965   -0.111    1.939    4.388    8.116   11.957   12.260   13.058
            0.397748  0.397748  0.000000
   -3.246    0.181    2.096    4.567    8.319   11.577   11.921   12.766
            0.371231  0.371231 -0.000000
   -3.528    0.498    2.297    4.752    8.523   11.220   11.570   12.506
            0.344715  0.344715  0.000000
   -3.806    0.840    2.534    4.939    8.721   10.887   11.232   12.283
            0.318198  0.318198  0.000000
   -4.074    1.205    2.804    5.123    8.903   10.576   10.913   12.106
            0.291682  0.291682  0.000000
   -4.328    1.594    3.100    5.302    9.056   10.289   10.615   11.979
            0.265165  0.265165  0.000000
   -4.566    2.005    3.418    5.470    9.171   10.027   10.338   11.905
            0.238649  0.238649  0.000000
   -4.785    2.437    3.754    5.624    9.241    9.789   10.083   11.875
            0.212132  0.212132 -0.000000
   -4.985    2.890    4.102    5.760    9.266    9.575    9.848   11.858
            0.185616  0.185616  0.000000
   -5.163    3.360    4.457    5.878    9.256    9.386    9.634   11.799
            0.159099  0.159099  0.000000
   -5.319    3.845    4.812    5.975    9.221    9.223    9.439   11.618
            0.132583  0.132583  0.000000
   -5.452    4.339    5.157    6.052    9.084    9.170    9.264   11.275
            0.106066  0.106066  0.000000
   -5.562    4.834    5.482    6.111    8.970    9.108    9.109   10.818
            0.079550  0.079550  0.000000
   -5.647    5.315    5.769    6.154    8.882    8.973    9.036   10.337
            0.053033  0.053033  0.000000
   -5.709    5.749    6.000    6.183    8.819    8.865    8.942    9.921
            0.026517  0.026517  0.000000
   -5.746    6.077    6.152    6.200    8.781    8.793    8.829    9.654
            0.000000  0.000000  0.000000
   -5.758    6.205    6.205    6.205    8.768    8.768    8.768    9.567
            0.017678  0.017678  0.017678
   -5.750    6.108    6.191    6.191    8.789    8.789    8.793    9.625
            0.035355  0.035355  0.035355
   -5.725    5.847    6.150    6.150    8.828    8.849    8.849    9.809
            0.053033  0.053033  0.053033
   -5.684    5.482    6.087    6.087    8.824    8.943    8.943   10.111
            0.070711  0.070711  0.070711
   -5.627    5.059    6.007    6.007    8.779    9.060    9.060   10.492
            0.088388  0.088388  0.088388
   -5.554    4.606    5.916    5.916    8.707    9.193    9.193   10.915
            0.106066  0.106066  0.106066
   -5.465    4.138    5.820    5.820    8.619    9.329    9.329   11.358
            0.123744  0.123744  0.123744
   -5.360    3.666    5.722    5.722    8.524    9.458    9.458   11.807
            0.141421  0.141421  0.141421
   -5.240    3.195    5.625    5.625    8.425    9.569    9.569   12.256
            0.159099  0.159099  0.159099
   -5.106    2.731    5.532    5.532    8.328    9.655    9.655   12.698
            0.176777  0.176777  0.176777
   -4.958    2.277    5.445    5.445    8.234    9.712    9.712   13.124
            0.194454  0.194454  0.194454
   -4.797    1.835    5.364    5.364    8.146    9.739    9.739   13.517
            0.212132  0.212132  0.212132
   -4.625    1.408    5.290    5.290    8.064    9.740    9.740   13.810
            0.229810  0.229810  0.229810
   -4.443    1.000    5.224    5.224    7.991    9.722    9.722   14.043
            0.247487  0.247487  0.247487
   -4.255    0.615    5.166    5.166    7.926    9.693    9.693   14.108
            0.265165  0.265165  0.265165
   -4.065    0.256    5.117    5.117    7.871    9.658    9.658   14.094
            0.282843  0.282843  0.282843
   -3.878   -0.068    5.077    5.077    7.825    9.623    9.623   14.053
            0.300520  0.300520  0.300520
   -3.705   -0.349    5.046    5.046    7.789    9.592    9.592   14.008
            0.318198  0.318198  0.318198
   -3.561   -0.571    5.023    5.023    7.764    9.567    9.567   13.972
            0.335876  0.335876  0.335876
   -3.462   -0.716    5.010    5.010    7.748    9.552    9.552   13.949
            0.353553  0.353553  0.353553
   -3.427   -0.767    5.006    5.006    7.743    9.547    9.547   13.941
            0.353553  0.371231  0.335876
   -3.421   -0.764    4.953    4.995    7.791    9.537    9.569   13.966
            0.353553  0.388909  0.318198
   -3.405   -0.755    4.808    4.964    7.923    9.510    9.635   14.036
            0.353553  0.406586  0.300520
   -3.377   -0.741    4.597    4.913    8.105    9.471    9.753   14.139
            0.353553  0.424264  0.282843
   -3.339   -0.722    4.346    4.841    8.306    9.425    9.929   14.249
            0.353553  0.441942  0.265165
   -3.290   -0.699    4.073    4.750    8.502    9.380   10.168   14.329
            0.353553  0.459619  0.247487
   -3.231   -0.674    3.792    4.640    8.681    9.343   10.470   14.333
            0.353553  0.477297  0.229810
   -3.160   -0.647    3.514    4.512    8.842    9.317   10.826   14.241
            0.353553  0.494975  0.212132
   -3.080   -0.621    3.244    4.369    8.991    9.307   11.226   14.002
            0.353553  0.512652  0.194454
   -2.989   -0.599    2.989    4.213    9.133    9.315   11.659   13.660
            0.353553  0.530330  0.176777
   -2.888   -0.583    2.754    4.045    9.274    9.341   12.119   13.329
            0.353553  0.548008  0.159099
   -2.777   -0.580    2.546    3.869    9.386    9.416   12.598   13.009
            0.353553  0.565685  0.141421
   -2.657   -0.592    2.370    3.688    9.451    9.562   12.701   13.079
            0.353553  0.583363  0.123744
   -2.529   -0.624    2.232    3.504    9.533    9.713   12.406   12.815
            0.353553  0.601041  0.106066
   -2.392   -0.681    2.134    3.320    9.633    9.870   12.125   12.553
            0.353553  0.618718  0.088388
   -2.247   -0.762    2.079    3.138    9.749   10.032   11.858   12.298
            0.353553  0.636396  0.070711
   -2.095   -0.867    2.067    2.960    9.880   10.197   11.610   12.049
            0.353553  0.654074  0.053033
   -1.938   -0.994    2.092    2.790   10.025   10.358   11.386   11.811
            0.353553  0.671751  0.035355
   -1.777   -1.136    2.151    2.630   10.179   10.496   11.208   11.585
            0.353553  0.689429  0.017678
   -1.613   -1.289    2.239    2.483   10.337   10.553   11.132   11.378
            0.353553  0.707107  0.000000
   -1.450   -1.450    2.351    2.351   10.480   10.480   11.209   11.209
            0.335876  0.707107  0.000000
   -1.451   -1.451    2.356    2.356   10.375   10.375   11.319   11.319
            0.318198  0.707107  0.000000
   -1.454   -1.454    2.371    2.371   10.155   10.155   11.556   11.556
            0.300520  0.707107  0.000000
   -1.460   -1.460    2.395    2.395    9.901    9.901   11.836   11.836
            0.282843  0.707107  0.000000
   -1.467   -1.467    2.429    2.429    9.640    9.640   12.135   12.135
            0.265165  0.707107  0.000000
   -1.476   -1.476    2.471    2.471    9.380    9.380   12.444   12.444
            0.247487  0.707107  0.000000
   -1.486   -1.486    2.521    2.521    9.124    9.124   12.759   12.759
            0.229810  0.707107  0.000000
   -1.498   -1.498    2.579    2.579    8.875    8.875   13.079   13.079
            0.212132  0.707107  0.000000
   -1.510   -1.510    2.643    2.643    8.633    8.633   13.403   13.403
            0.194454  0.707107  0.000000
   -1.523   -1.523    2.713    2.713    8.401    8.401   13.728   13.728
            0.176777  0.707107  0.000000
   -1.536   -1.536    2.787    2.787    8.178    8.178   14.054   14.054
            0.159099  0.707107  0.000000
   -1.548   -1.548    2.864    2.864    7.968    7.968   14.379   14.379
            0.141421  0.707107  0.000000
   -1.561   -1.561    2.942    2.942    7.771    7.771   14.701   14.701
            0.123744  0.707107 -0.000000
   -1.572   -1.572    3.020    3.020    7.588    7.588   15.017   15.017
            0.106066  0.707107  0.000000
   -1.582   -1.582    3.095    3.095    7.423    7.423   15.321   15.321
            0.088388  0.707107  0.000000
   -1.592   -1.592    3.164    3.164    7.277    7.277   15.606   15.606
            0.070711  0.707107 -0.000000
   -1.599   -1.599    3.227    3.227    7.152    7.152   15.859   15.859
            0.053033  0.707107  0.000000
   -1.606   -1.606    3.279    3.279    7.052    7.052   16.064   16.064
            0.035355  0.707107  0.000000
   -1.610   -1.610    3.318    3.318    6.978    6.978   16.206   16.206
            0.017678  0.707107  0.000000
   -1.613   -1.613    3.343    3.343    6.933    6.933   16.285   16.285
            0.000000  0.707107  0.000000
   -1.614   -1.614    3.351    3.351    6.917    6.917   16.309   16.309
