 &plot nbnd=   8, nks=   260 /
            0.000000  0.000000  0.000000
   -5.758    6.205    6.205    6.205    8.768    8.768    8.768    9.567
            0.088388  0.088388 -0.088388
   -5.554    4.606    5.916    5.916    8.707    9.193    9.193   10.915
            0.176777  0.176777 -0.176777
   -4.958    2.277    5.445    5.445    8.234    9.712    9.712   13.124
            0.265165  0.265165 -0.265165
   -4.065    0.256    5.117    5.117    7.871    9.658    9.658   14.094
           -0.353553 -0.353553  0.353553
   -3.427   -0.767    5.006    5.006    7.743    9.547    9.547   13.941
            0.088388 -0.088388  0.088388
   -5.554    4.606    5.916    5.916    8.707    9.193    9.193   10.915
            0.176777  0.000000  0.000000
   -5.485    4.871    5.398    5.398    8.217    9.909    9.909   10.601
            0.265165  0.088388 -0.088388
   -5.016    2.980    4.886    4.962    8.354    9.913   10.675   10.961
            0.353553  0.176777 -0.176777
   -4.201    0.919    4.370    4.617    8.454    9.848   10.672   11.678
           -0.265165 -0.441942  0.441942
   -3.340   -0.545    3.924    4.642    8.400    9.722   10.308   13.579
           -0.176777 -0.353553  0.353553
   -3.585   -0.174    3.743    4.939    8.566    9.831   10.076   14.124
           -0.088388 -0.265165  0.265165
   -4.508    1.578    3.893    5.431    8.925    9.883   10.065   12.507
            0.000000 -0.176777  0.176777
   -5.218    3.520    4.576    5.912    9.247    9.329    9.567   11.755
            0.176777 -0.176777  0.176777
   -4.958    2.277    5.445    5.445    8.234    9.712    9.712   13.124
            0.265165 -0.088388  0.088388
   -5.016    2.980    4.886    4.962    8.354    9.913   10.675   10.961
            0.353553  0.000000  0.000000
   -4.676    2.687    4.314    4.314    7.337    9.342   11.964   11.964
            0.441942  0.088388 -0.088388
   -3.966    1.263    3.533    3.996    7.558    9.103   12.205   12.477
           -0.176777 -0.530330  0.530330
   -3.040   -0.179    2.670    3.999    7.727   10.658   11.952   12.127
           -0.088388 -0.441942  0.441942
   -2.836   -0.438    2.211    4.317    8.052   11.674   11.688   13.168
            0.000000 -0.353553  0.353553
   -3.714    0.723    2.451    4.876    8.657   10.995   11.343   12.353
            0.088388 -0.265165  0.265165
   -4.508    1.578    3.893    5.431    8.925    9.883   10.065   12.507
            0.265165 -0.265165  0.265165
   -4.065    0.256    5.117    5.117    7.871    9.658    9.658   14.094
            0.353553 -0.176777  0.176777
   -4.201    0.919    4.370    4.617    8.454    9.848   10.672   11.678
            0.441942 -0.088388  0.088388
   -3.966    1.263    3.533    3.996    7.558    9.103   12.205   12.477
            0.530330  0.000000  0.000000
   -3.364    0.458    3.597    3.597    6.822    7.748   14.247   14.247
           -0.088388 -0.618718  0.618718
   -2.466   -0.627    2.768    3.521    7.102    8.175   14.473   14.561
            0.000000 -0.530330  0.530330
   -2.027   -1.024    1.902    3.779    7.412   10.337   13.675   14.223
            0.088388 -0.441942  0.441942
   -2.836   -0.438    2.211    4.317    8.052   11.674   11.688   13.168
            0.176777 -0.353553  0.353553
   -3.585   -0.174    3.743    4.939    8.566    9.831   10.076   14.124
           -0.353553  0.353553 -0.353553
   -3.427   -0.767    5.006    5.006    7.743    9.547    9.547   13.941
           -0.265165  0.441942 -0.441942
   -3.340   -0.545    3.924    4.642    8.400    9.722   10.308   13.579
           -0.176777  0.530330 -0.530330
   -3.040   -0.179    2.670    3.999    7.727   10.658   11.952   12.127
           -0.088388  0.618718 -0.618718
   -2.466   -0.627    2.768    3.521    7.102    8.175   14.473   14.561
           -0.707107  0.000000  0.000000
   -1.614   -1.614    3.351    3.351    6.917    6.917   16.309   16.309
           -0.088388  0.088388  0.088388
   -5.554    4.606    5.916    5.916    8.707    9.193    9.193   10.915
            0.000000  0.176777  0.000000
   -5.485    4.871    5.398    5.398    8.217    9.909    9.909   10.601
            0.088388  0.265165 -0.088388
   -5.016    2.980    4.886    4.962    8.354    9.913   10.675   10.961
            0.176777  0.353553 -0.176777
   -4.201    0.919    4.370    4.617    8.454    9.848   10.672   11.678
           -0.441942 -0.265165  0.441942
   -3.340   -0.545    3.924    4.642    8.400    9.722   10.308   13.579
           -0.353553 -0.176777  0.353553
   -3.585   -0.174    3.743    4.939    8.566    9.831   10.076   14.124
           -0.265165 -0.088388  0.265165
   -4.508    1.578    3.893    5.431    8.925    9.883   10.065   12.507
           -0.176777  0.000000  0.176777
   -5.218    3.520    4.576    5.912    9.247    9.329    9.567   11.755
            0.000000  0.000000  0.176777
   -5.485    4.871    5.398    5.398    8.217    9.909    9.909   10.601
            0.088388  0.088388  0.088388
   -5.554    4.606    5.916    5.916    8.707    9.193    9.193   10.915
            0.176777  0.176777  0.000000
   -5.218    3.520    4.576    5.912    9.247    9.329    9.567   11.755
            0.265165  0.265165 -0.088388
   -4.508    1.578    3.893    5.431    8.925    9.883   10.065   12.507
           -0.353553 -0.353553  0.530330
   -3.585   -0.174    3.743    4.939    8.566    9.831   10.076   14.124
           -0.265165 -0.265165  0.441942
   -3.340   -0.545    3.924    4.642    8.400    9.722   10.308   13.579
           -0.176777 -0.176777  0.353553
   -4.201    0.919    4.370    4.617    8.454    9.848   10.672   11.678
           -0.088388 -0.088388  0.265165
   -5.016    2.980    4.886    4.962    8.354    9.913   10.675   10.961
            0.088388 -0.088388  0.265165
   -5.016    2.980    4.886    4.962    8.354    9.913   10.675   10.961
            0.176777  0.000000  0.176777
   -5.218    3.520    4.576    5.912    9.247    9.329    9.567   11.755
            0.265165  0.088388  0.088388
   -5.016    2.980    4.886    4.962    8.354    9.913   10.675   10.961
            0.353553  0.176777  0.000000
   -4.429    1.914    3.491    4.777    8.654   10.108   10.404   11.709
           -0.265165 -0.441942  0.618718
   -3.540    0.362    2.883    4.275    9.085    9.762   11.227   12.145
           -0.176777 -0.353553  0.530330
   -2.888   -0.583    2.754    4.045    9.274    9.341   12.119   13.329
           -0.088388 -0.265165  0.441942
   -3.540    0.362    2.883    4.275    9.085    9.762   11.227   12.145
            0.000000 -0.176777  0.353553
   -4.429    1.914    3.491    4.777    8.654   10.108   10.404   11.709
            0.176777 -0.176777  0.353553
   -4.201    0.919    4.370    4.617    8.454    9.848   10.672   11.678
            0.265165 -0.088388  0.265165
   -4.508    1.578    3.893    5.431    8.925    9.883   10.065   12.507
            0.353553 -0.000000  0.176777
   -4.429    1.914    3.491    4.777    8.654   10.108   10.404   11.709
            0.441942  0.088388  0.088388
   -3.966    1.263    3.533    3.996    7.558    9.103   12.205   12.477
           -0.176777 -0.530330  0.707107
   -3.165    0.239    2.842    3.445    8.154    8.855   11.962   14.197
           -0.088388 -0.441942  0.618718
   -2.290   -0.729    2.143    3.244    8.596   10.490   11.484   13.647
            0.000000 -0.353553  0.530330
   -2.641   -0.366    1.977    3.620    9.076   10.753   11.423   13.239
            0.088388 -0.265165  0.441942
   -3.540    0.362    2.883    4.275    9.085    9.762   11.227   12.145
           -0.441942  0.441942 -0.265165
   -3.340   -0.545    3.924    4.642    8.400    9.722   10.308   13.579
           -0.353553  0.530330 -0.353553
   -3.585   -0.174    3.743    4.939    8.566    9.831   10.076   14.124
           -0.265165  0.618718 -0.441942
   -3.540    0.362    2.883    4.275    9.085    9.762   11.227   12.145
           -0.176777  0.707107 -0.530330
   -3.165    0.239    2.842    3.445    8.154    8.855   11.962   14.197
           -0.795495  0.088388  0.088388
   -2.466   -0.627    2.768    3.521    7.102    8.175   14.473   14.561
           -0.707107  0.176777  0.000000
   -1.536   -1.536    2.787    2.787    8.178    8.178   14.054   14.054
           -0.618718  0.265165 -0.088388
   -2.290   -0.729    2.143    3.244    8.596   10.490   11.484   13.647
           -0.530330  0.353553 -0.176777
   -2.888   -0.583    2.754    4.045    9.274    9.341   12.119   13.329
           -0.353553  0.353553 -0.176777
   -3.585   -0.174    3.743    4.939    8.566    9.831   10.076   14.124
           -0.265165  0.441942 -0.265165
   -3.340   -0.545    3.924    4.642    8.400    9.722   10.308   13.579
           -0.176777  0.530330 -0.353553
   -2.888   -0.583    2.754    4.045    9.274    9.341   12.119   13.329
           -0.088388  0.618718 -0.441942
   -2.290   -0.729    2.143    3.244    8.596   10.490   11.484   13.647
           -0.707107  0.000000  0.176777
   -1.536   -1.536    2.787    2.787    8.178    8.178   14.054   14.054
           -0.618718  0.088388  0.088388
   -2.466   -0.627    2.768    3.521    7.102    8.175   14.473   14.561
           -0.530330  0.176777 -0.000000
   -3.165    0.239    2.842    3.445    8.154    8.855   11.962   14.197
           -0.441942  0.265165 -0.088388
   -3.540    0.362    2.883    4.275    9.085    9.762   11.227   12.145
           -0.265165  0.265165 -0.088388
   -4.508    1.578    3.893    5.431    8.925    9.883   10.065   12.507
           -0.176777  0.353553 -0.176777
   -4.201    0.919    4.370    4.617    8.454    9.848   10.672   11.678
           -0.088388  0.441942 -0.265165
   -3.540    0.362    2.883    4.275    9.085    9.762   11.227   12.145
            0.000000  0.530330 -0.353553
   -2.641   -0.366    1.977    3.620    9.076   10.753   11.423   13.239
           -0.618718 -0.088388  0.265165
   -2.290   -0.729    2.143    3.244    8.596   10.490   11.484   13.647
           -0.530330  0.000000  0.176777
   -3.165    0.239    2.842    3.445    8.154    8.855   11.962   14.197
           -0.441942  0.088388  0.088388
   -3.966    1.263    3.533    3.996    7.558    9.103   12.205   12.477
           -0.353553  0.176777  0.000000
   -4.429    1.914    3.491    4.777    8.654   10.108   10.404   11.709
           -0.176777  0.176777  0.000000
   -5.218    3.520    4.576    5.912    9.247    9.329    9.567   11.755
           -0.088388  0.265165 -0.088388
   -5.016    2.980    4.886    4.962    8.354    9.913   10.675   10.961
            0.000000  0.353553 -0.176777
   -4.429    1.914    3.491    4.777    8.654   10.108   10.404   11.709
            0.088388  0.441942 -0.265165
   -3.540    0.362    2.883    4.275    9.085    9.762   11.227   12.145
           -0.530330 -0.176777  0.353553
   -2.888   -0.583    2.754    4.045    9.274    9.341   12.119   13.329
           -0.441942 -0.088388  0.265165
   -3.540    0.362    2.883    4.275    9.085    9.762   11.227   12.145
           -0.353553  0.000000  0.176777
   -4.429    1.914    3.491    4.777    8.654   10.108   10.404   11.709
           -0.265165  0.088388  0.088388
   -5.016    2.980    4.886    4.962    8.354    9.913   10.675   10.961
           -0.176777  0.176777  0.176777
   -4.958    2.277    5.445    5.445    8.234    9.712    9.712   13.124
           -0.088388  0.265165  0.088388
   -5.016    2.980    4.886    4.962    8.354    9.913   10.675   10.961
            0.000000  0.353553  0.000000
   -4.676    2.687    4.314    4.314    7.337    9.342   11.964   11.964
            0.088388  0.441942 -0.088388
   -3.966    1.263    3.533    3.996    7.558    9.103   12.205   12.477
           -0.530330 -0.176777  0.530330
   -3.040   -0.179    2.670    3.999    7.727   10.658   11.952   12.127
           -0.441942 -0.088388  0.441942
   -2.836   -0.438    2.211    4.317    8.052   11.674   11.688   13.168
           -0.353553  0.000000  0.353553
   -3.714    0.723    2.451    4.876    8.657   10.995   11.343   12.353
           -0.265165  0.088388  0.265165
   -4.508    1.578    3.893    5.431    8.925    9.883   10.065   12.507
           -0.088388  0.088388  0.265165
   -5.016    2.980    4.886    4.962    8.354    9.913   10.675   10.961
            0.000000  0.176777  0.176777
   -5.218    3.520    4.576    5.912    9.247    9.329    9.567   11.755
            0.088388  0.265165  0.088388
   -5.016    2.980    4.886    4.962    8.354    9.913   10.675   10.961
            0.176777  0.353553  0.000000
   -4.429    1.914    3.491    4.777    8.654   10.108   10.404   11.709
           -0.441942 -0.265165  0.618718
   -3.540    0.362    2.883    4.275    9.085    9.762   11.227   12.145
           -0.353553 -0.176777  0.530330
   -2.888   -0.583    2.754    4.045    9.274    9.341   12.119   13.329
           -0.265165 -0.088388  0.441942
   -3.540    0.362    2.883    4.275    9.085    9.762   11.227   12.145
           -0.176777  0.000000  0.353553
   -4.429    1.914    3.491    4.777    8.654   10.108   10.404   11.709
            0.000000  0.000000  0.353553
   -4.676    2.687    4.314    4.314    7.337    9.342   11.964   11.964
            0.088388  0.088388  0.265165
   -5.016    2.980    4.886    4.962    8.354    9.913   10.675   10.961
            0.176777  0.176777  0.176777
   -4.958    2.277    5.445    5.445    8.234    9.712    9.712   13.124
            0.265165  0.265165  0.088388
   -4.508    1.578    3.893    5.431    8.925    9.883   10.065   12.507
           -0.353553 -0.353553  0.707107
   -3.714    0.723    2.451    4.876    8.657   10.995   11.343   12.353
           -0.265165 -0.265165  0.618718
   -2.836   -0.438    2.211    4.317    8.052   11.674   11.688   13.168
           -0.176777 -0.176777  0.530330
   -3.040   -0.179    2.670    3.999    7.727   10.658   11.952   12.127
           -0.088388 -0.088388  0.441942
   -3.966    1.263    3.533    3.996    7.558    9.103   12.205   12.477
            0.088388 -0.088388  0.441942
   -3.966    1.263    3.533    3.996    7.558    9.103   12.205   12.477
            0.176777 -0.000000  0.353553
   -4.429    1.914    3.491    4.777    8.654   10.108   10.404   11.709
            0.265165  0.088388  0.265165
   -4.508    1.578    3.893    5.431    8.925    9.883   10.065   12.507
            0.353553  0.176777  0.176777
   -4.201    0.919    4.370    4.617    8.454    9.848   10.672   11.678
           -0.265165 -0.441942  0.795495
   -3.540    0.362    2.883    4.275    9.085    9.762   11.227   12.145
           -0.176777 -0.353553  0.707107
   -2.641   -0.366    1.977    3.620    9.076   10.753   11.423   13.239
           -0.088388 -0.265165  0.618718
   -2.290   -0.729    2.143    3.244    8.596   10.490   11.484   13.647
            0.000000 -0.176777  0.530330
   -3.165    0.239    2.842    3.445    8.154    8.855   11.962   14.197
           -0.530330  0.530330 -0.176777
   -3.040   -0.179    2.670    3.999    7.727   10.658   11.952   12.127
           -0.441942  0.618718 -0.265165
   -3.540    0.362    2.883    4.275    9.085    9.762   11.227   12.145
           -0.353553  0.707107 -0.353553
   -3.714    0.723    2.451    4.876    8.657   10.995   11.343   12.353
           -0.265165  0.795495 -0.441942
   -3.540    0.362    2.883    4.275    9.085    9.762   11.227   12.145
           -0.883883  0.176777  0.176777
   -3.040   -0.179    2.670    3.999    7.727   10.658   11.952   12.127
           -0.795495  0.265165  0.088388
   -2.290   -0.729    2.143    3.244    8.596   10.490   11.484   13.647
           -0.707107  0.353553  0.000000
   -1.450   -1.450    2.351    2.351   10.480   10.480   11.209   11.209
           -0.618718  0.441942 -0.088388
   -2.290   -0.729    2.143    3.244    8.596   10.490   11.484   13.647
           -0.441942  0.441942 -0.088388
   -2.836   -0.438    2.211    4.317    8.052   11.674   11.688   13.168
           -0.353553  0.530330 -0.176777
   -2.888   -0.583    2.754    4.045    9.274    9.341   12.119   13.329
           -0.265165  0.618718 -0.265165
   -2.836   -0.438    2.211    4.317    8.052   11.674   11.688   13.168
           -0.176777  0.707107 -0.353553
   -2.641   -0.366    1.977    3.620    9.076   10.753   11.423   13.239
           -0.795495  0.088388  0.265165
   -2.290   -0.729    2.143    3.244    8.596   10.490   11.484   13.647
           -0.707107  0.176777  0.176777
   -2.027   -1.024    1.902    3.779    7.412   10.337   13.675   14.223
           -0.618718  0.265165  0.088388
   -2.290   -0.729    2.143    3.244    8.596   10.490   11.484   13.647
           -0.530330  0.353553 -0.000000
   -2.641   -0.366    1.977    3.620    9.076   10.753   11.423   13.239
           -0.353553  0.353553  0.000000
   -3.714    0.723    2.451    4.876    8.657   10.995   11.343   12.353
           -0.265165  0.441942 -0.088388
   -3.540    0.362    2.883    4.275    9.085    9.762   11.227   12.145
           -0.176777  0.530330 -0.176777
   -3.040   -0.179    2.670    3.999    7.727   10.658   11.952   12.127
           -0.088388  0.618718 -0.265165
   -2.290   -0.729    2.143    3.244    8.596   10.490   11.484   13.647
           -0.707107  0.000000  0.353553
   -1.450   -1.450    2.351    2.351   10.480   10.480   11.209   11.209
           -0.618718  0.088388  0.265165
   -2.290   -0.729    2.143    3.244    8.596   10.490   11.484   13.647
           -0.530330  0.176777  0.176777
   -3.040   -0.179    2.670    3.999    7.727   10.658   11.952   12.127
           -0.441942  0.265165  0.088388
   -3.540    0.362    2.883    4.275    9.085    9.762   11.227   12.145
           -0.265165  0.265165  0.088388
   -4.508    1.578    3.893    5.431    8.925    9.883   10.065   12.507
           -0.176777  0.353553  0.000000
   -4.429    1.914    3.491    4.777    8.654   10.108   10.404   11.709
           -0.088388  0.441942 -0.088388
   -3.966    1.263    3.533    3.996    7.558    9.103   12.205   12.477
            0.000000  0.530330 -0.176777
   -3.165    0.239    2.842    3.445    8.154    8.855   11.962   14.197
           -0.618718 -0.088388  0.441942
   -2.290   -0.729    2.143    3.244    8.596   10.490   11.484   13.647
           -0.530330  0.000000  0.353553
   -2.641   -0.366    1.977    3.620    9.076   10.753   11.423   13.239
           -0.441942  0.088388  0.265165
   -3.540    0.362    2.883    4.275    9.085    9.762   11.227   12.145
           -0.353553  0.176777  0.176777
   -4.201    0.919    4.370    4.617    8.454    9.848   10.672   11.678
           -0.265165  0.265165  0.265165
   -4.065    0.256    5.117    5.117    7.871    9.658    9.658   14.094
           -0.176777  0.353553  0.176777
   -4.201    0.919    4.370    4.617    8.454    9.848   10.672   11.678
           -0.088388  0.441942  0.088388
   -3.966    1.263    3.533    3.996    7.558    9.103   12.205   12.477
            0.000000  0.530330  0.000000
   -3.364    0.458    3.597    3.597    6.822    7.748   14.247   14.247
           -0.618718 -0.088388  0.618718
   -2.466   -0.627    2.768    3.521    7.102    8.175   14.473   14.561
           -0.530330  0.000000  0.530330
   -2.027   -1.024    1.902    3.779    7.412   10.337   13.675   14.223
           -0.441942  0.088388  0.441942
   -2.836   -0.438    2.211    4.317    8.052   11.674   11.688   13.168
           -0.353553  0.176777  0.353553
   -3.585   -0.174    3.743    4.939    8.566    9.831   10.076   14.124
           -0.176777  0.176777  0.353553
   -4.201    0.919    4.370    4.617    8.454    9.848   10.672   11.678
           -0.088388  0.265165  0.265165
   -4.508    1.578    3.893    5.431    8.925    9.883   10.065   12.507
           -0.000000  0.353553  0.176777
   -4.429    1.914    3.491    4.777    8.654   10.108   10.404   11.709
            0.088388  0.441942  0.088388
   -3.966    1.263    3.533    3.996    7.558    9.103   12.205   12.477
           -0.530330 -0.176777  0.707107
   -3.165    0.239    2.842    3.445    8.154    8.855   11.962   14.197
           -0.441942 -0.088388  0.618718
   -2.290   -0.729    2.143    3.244    8.596   10.490   11.484   13.647
           -0.353553  0.000000  0.530330
   -2.641   -0.366    1.977    3.620    9.076   10.753   11.423   13.239
           -0.265165  0.088388  0.441942
   -3.540    0.362    2.883    4.275    9.085    9.762   11.227   12.145
           -0.088388  0.088388  0.441942
   -3.966    1.263    3.533    3.996    7.558    9.103   12.205   12.477
           -0.000000  0.176777  0.353553
   -4.429    1.914    3.491    4.777    8.654   10.108   10.404   11.709
            0.088388  0.265165  0.265165
   -4.508    1.578    3.893    5.431    8.925    9.883   10.065   12.507
            0.176777  0.353553  0.176777
   -4.201    0.919    4.370    4.617    8.454    9.848   10.672   11.678
           -0.441942 -0.265165  0.795495
   -3.540    0.362    2.883    4.275    9.085    9.762   11.227   12.145
           -0.353553 -0.176777  0.707107
   -2.641   -0.366    1.977    3.620    9.076   10.753   11.423   13.239
           -0.265165 -0.088388  0.618718
   -2.290   -0.729    2.143    3.244    8.596   10.490   11.484   13.647
           -0.176777  0.000000  0.530330
   -3.165    0.239    2.842    3.445    8.154    8.855   11.962   14.197
            0.000000  0.000000  0.530330
   -3.364    0.458    3.597    3.597    6.822    7.748   14.247   14.247
            0.088388  0.088388  0.441942
   -3.966    1.263    3.533    3.996    7.558    9.103   12.205   12.477
            0.176777  0.176777  0.353553
   -4.201    0.919    4.370    4.617    8.454    9.848   10.672   11.678
            0.265165  0.265165  0.265165
   -4.065    0.256    5.117    5.117    7.871    9.658    9.658   14.094
           -0.353553 -0.353553  0.883883
   -3.585   -0.174    3.743    4.939    8.566    9.831   10.076   14.124
           -0.265165 -0.265165  0.795495
   -2.836   -0.438    2.211    4.317    8.052   11.674   11.688   13.168
           -0.176777 -0.176777  0.707107
   -2.027   -1.024    1.902    3.779    7.412   10.337   13.675   14.223
           -0.088388 -0.088388  0.618718
   -2.466   -0.627    2.768    3.521    7.102    8.175   14.473   14.561
           -0.618718  0.618718 -0.088388
   -2.466   -0.627    2.768    3.521    7.102    8.175   14.473   14.561
           -0.530330  0.707107 -0.176777
   -3.165    0.239    2.842    3.445    8.154    8.855   11.962   14.197
           -0.441942  0.795495 -0.265165
   -3.540    0.362    2.883    4.275    9.085    9.762   11.227   12.145
           -0.353553  0.883883 -0.353553
   -3.585   -0.174    3.743    4.939    8.566    9.831   10.076   14.124
           -0.972272  0.265165  0.265165
   -3.340   -0.545    3.924    4.642    8.400    9.722   10.308   13.579
           -0.883883  0.353553  0.176777
   -2.888   -0.583    2.754    4.045    9.274    9.341   12.119   13.329
           -0.795495  0.441942  0.088388
   -2.290   -0.729    2.143    3.244    8.596   10.490   11.484   13.647
           -0.707107  0.530330  0.000000
   -1.536   -1.536    2.787    2.787    8.178    8.178   14.054   14.054
           -0.530330  0.530330  0.000000
   -2.027   -1.024    1.902    3.779    7.412   10.337   13.675   14.223
           -0.441942  0.618718 -0.088388
   -2.290   -0.729    2.143    3.244    8.596   10.490   11.484   13.647
           -0.353553  0.707107 -0.176777
   -2.641   -0.366    1.977    3.620    9.076   10.753   11.423   13.239
           -0.265165  0.795495 -0.265165
   -2.836   -0.438    2.211    4.317    8.052   11.674   11.688   13.168
           -0.883883  0.176777  0.353553
   -2.888   -0.583    2.754    4.045    9.274    9.341   12.119   13.329
           -0.795495  0.265165  0.265165
   -2.836   -0.438    2.211    4.317    8.052   11.674   11.688   13.168
           -0.707107  0.353553  0.176777
   -2.641   -0.366    1.977    3.620    9.076   10.753   11.423   13.239
           -0.618718  0.441942  0.088388
   -2.290   -0.729    2.143    3.244    8.596   10.490   11.484   13.647
           -0.441942  0.441942  0.088388
   -2.836   -0.438    2.211    4.317    8.052   11.674   11.688   13.168
           -0.353553  0.530330  0.000000
   -2.641   -0.366    1.977    3.620    9.076   10.753   11.423   13.239
           -0.265165  0.618718 -0.088388
   -2.290   -0.729    2.143    3.244    8.596   10.490   11.484   13.647
           -0.176777  0.707107 -0.176777
   -2.027   -1.024    1.902    3.779    7.412   10.337   13.675   14.223
           -0.795495  0.088388  0.441942
   -2.290   -0.729    2.143    3.244    8.596   10.490   11.484   13.647
           -0.707107  0.176777  0.353553
   -2.641   -0.366    1.977    3.620    9.076   10.753   11.423   13.239
           -0.618718  0.265165  0.265165
   -2.836   -0.438    2.211    4.317    8.052   11.674   11.688   13.168
           -0.530330  0.353553  0.176777
   -2.888   -0.583    2.754    4.045    9.274    9.341   12.119   13.329
           -0.353553  0.353553  0.176777
   -3.585   -0.174    3.743    4.939    8.566    9.831   10.076   14.124
           -0.265165  0.441942  0.088388
   -3.540    0.362    2.883    4.275    9.085    9.762   11.227   12.145
           -0.176777  0.530330  0.000000
   -3.165    0.239    2.842    3.445    8.154    8.855   11.962   14.197
           -0.088388  0.618718 -0.088388
   -2.466   -0.627    2.768    3.521    7.102    8.175   14.473   14.561
           -0.707107  0.000000  0.530330
   -1.536   -1.536    2.787    2.787    8.178    8.178   14.054   14.054
           -0.618718  0.088388  0.441942
   -2.290   -0.729    2.143    3.244    8.596   10.490   11.484   13.647
           -0.530330  0.176777  0.353553
   -2.888   -0.583    2.754    4.045    9.274    9.341   12.119   13.329
           -0.441942  0.265165  0.265165
   -3.340   -0.545    3.924    4.642    8.400    9.722   10.308   13.579
            0.353553 -0.353553 -0.353553
   -3.427   -0.767    5.006    5.006    7.743    9.547    9.547   13.941
            0.441942 -0.265165 -0.441942
   -3.340   -0.545    3.924    4.642    8.400    9.722   10.308   13.579
            0.530330 -0.176777 -0.530330
   -3.040   -0.179    2.670    3.999    7.727   10.658   11.952   12.127
            0.618718 -0.088388 -0.618718
   -2.466   -0.627    2.768    3.521    7.102    8.175   14.473   14.561
            0.000000 -0.707107  0.000000
   -1.614   -1.614    3.351    3.351    6.917    6.917   16.309   16.309
            0.441942 -0.441942 -0.265165
   -3.340   -0.545    3.924    4.642    8.400    9.722   10.308   13.579
            0.530330 -0.353553 -0.353553
   -3.585   -0.174    3.743    4.939    8.566    9.831   10.076   14.124
            0.618718 -0.265165 -0.441942
   -3.540    0.362    2.883    4.275    9.085    9.762   11.227   12.145
            0.707107 -0.176777 -0.530330
   -3.165    0.239    2.842    3.445    8.154    8.855   11.962   14.197
            0.088388 -0.795495  0.088388
   -2.466   -0.627    2.768    3.521    7.102    8.175   14.473   14.561
            0.176777 -0.707107  0.000000
   -1.536   -1.536    2.787    2.787    8.178    8.178   14.054   14.054
            0.265165 -0.618718 -0.088388
   -2.290   -0.729    2.143    3.244    8.596   10.490   11.484   13.647
            0.353553 -0.530330 -0.176777
   -2.888   -0.583    2.754    4.045    9.274    9.341   12.119   13.329
            0.530330 -0.530330 -0.176777
   -3.040   -0.179    2.670    3.999    7.727   10.658   11.952   12.127
            0.618718 -0.441942 -0.265165
   -3.540    0.362    2.883    4.275    9.085    9.762   11.227   12.145
            0.707107 -0.353553 -0.353553
   -3.714    0.723    2.451    4.876    8.657   10.995   11.343   12.353
            0.795495 -0.265165 -0.441942
   -3.540    0.362    2.883    4.275    9.085    9.762   11.227   12.145
            0.176777 -0.883883  0.176777
   -3.040   -0.179    2.670    3.999    7.727   10.658   11.952   12.127
            0.265165 -0.795495  0.088388
   -2.290   -0.729    2.143    3.244    8.596   10.490   11.484   13.647
            0.353553 -0.707107  0.000000
   -1.450   -1.450    2.351    2.351   10.480   10.480   11.209   11.209
            0.441942 -0.618718 -0.088388
   -2.290   -0.729    2.143    3.244    8.596   10.490   11.484   13.647
            0.618718 -0.618718 -0.088388
   -2.466   -0.627    2.768    3.521    7.102    8.175   14.473   14.561
            0.707107 -0.530330 -0.176777
   -3.165    0.239    2.842    3.445    8.154    8.855   11.962   14.197
            0.795495 -0.441942 -0.265165
   -3.540    0.362    2.883    4.275    9.085    9.762   11.227   12.145
            0.883883 -0.353553 -0.353553
   -3.585   -0.174    3.743    4.939    8.566    9.831   10.076   14.124
            0.265165 -0.972272  0.265165
   -3.340   -0.545    3.924    4.642    8.400    9.722   10.308   13.579
            0.353553 -0.883883  0.176777
   -2.888   -0.583    2.754    4.045    9.274    9.341   12.119   13.329
            0.441942 -0.795495  0.088388
   -2.290   -0.729    2.143    3.244    8.596   10.490   11.484   13.647
            0.530330 -0.707107  0.000000
   -1.536   -1.536    2.787    2.787    8.178    8.178   14.054   14.054
            0.000000  0.000000 -0.707107
   -1.614   -1.614    3.351    3.351    6.917    6.917   16.309   16.309
            0.088388  0.088388 -0.795495
   -2.466   -0.627    2.768    3.521    7.102    8.175   14.473   14.561
            0.176777  0.176777 -0.883883
   -3.040   -0.179    2.670    3.999    7.727   10.658   11.952   12.127
            0.265165  0.265165 -0.972272
   -3.340   -0.545    3.924    4.642    8.400    9.722   10.308   13.579
           -0.353553 -0.353553 -0.353553
   -3.427   -0.767    5.006    5.006    7.743    9.547    9.547   13.941
