 &plot nbnd=   8, nks=   121 /
            0.000000  0.000000  0.000000
  -21.910   -9.994   -5.374   -5.374    0.854    1.522    1.651    2.662
            0.008333  0.014434  0.000000
  -21.905   -9.988   -5.394   -5.385    0.861    1.529    1.658    2.669
            0.016667  0.028868  0.000000
  -21.891   -9.970   -5.455   -5.417    0.881    1.550    1.678    2.689
            0.025000  0.043301  0.000000
  -21.866   -9.941   -5.555   -5.472    0.915    1.584    1.713    2.723
            0.033333  0.057735  0.000000
  -21.831   -9.899   -5.691   -5.547    0.962    1.632    1.761    2.771
            0.041667  0.072169  0.000000
  -21.787   -9.846   -5.860   -5.643    1.022    1.693    1.823    2.832
            0.050000  0.086603  0.000000
  -21.733   -9.781   -6.058   -5.759    1.096    1.768    1.898    2.907
            0.058333  0.101036  0.000000
  -21.668   -9.704   -6.281   -5.894    1.184    1.857    1.988    2.995
            0.066667  0.115470  0.000000
  -21.595   -9.616   -6.525   -6.046    1.285    1.959    2.091    3.098
            0.075000  0.129904  0.000000
  -21.511   -9.516   -6.787   -6.214    1.400    2.075    2.208    3.213
            0.083333  0.144338  0.000000
  -21.417   -9.405   -7.064   -6.397    1.528    2.205    2.338    3.342
            0.091667  0.158771  0.000000
  -21.314   -9.282   -7.351   -6.595    1.669    2.348    2.483    3.485
            0.100000  0.173205  0.000000
  -21.201   -9.148   -7.648   -6.805    1.824    2.505    2.641    3.641
            0.108333  0.187639  0.000000
  -21.079   -9.003   -7.950   -7.026    1.992    2.675    2.813    3.811
            0.116667  0.202073  0.000000
  -20.947   -8.847   -8.258   -7.256    2.174    2.859    2.998    3.994
            0.125000  0.216506  0.000000
  -20.805   -8.680   -8.568   -7.496    2.369    3.056    3.198    4.190
            0.133333  0.230940  0.000000
  -20.654   -8.879   -8.503   -7.742    2.578    3.267    3.411    4.400
            0.141667  0.245374  0.000000
  -20.493   -9.190   -8.315   -7.994    2.800    3.491    3.638    4.623
            0.150000  0.259808  0.000000
  -20.324   -9.500   -8.251   -8.116    3.035    3.728    3.878    4.847
            0.158333  0.274241  0.000000
  -20.145   -9.808   -8.511   -7.908    3.283    3.979    4.133    4.473
            0.166667  0.288675  0.000000
  -19.956  -10.113   -8.774   -7.690    3.545    4.098    4.242    4.401
            0.175000  0.303109  0.000000
  -19.759  -10.415   -9.038   -7.463    3.723    3.820    4.519    4.683
            0.183333  0.317543  0.000000
  -19.553  -10.712   -9.303   -7.227    3.350    4.108    4.808    4.978
            0.191667  0.331976  0.000000
  -19.338  -11.004   -9.567   -6.982    2.978    4.409    5.109    5.287
            0.200000  0.346410  0.000000
  -19.115  -11.291   -9.829   -6.730    2.610    4.723    5.423    5.610
            0.208333  0.360844  0.000000
  -18.883  -11.573  -10.090   -6.469    2.246    5.049    5.748    5.947
            0.216667  0.375278  0.000000
  -18.643  -11.848  -10.347   -6.202    1.887    5.389    6.083    6.297
            0.225000  0.389711  0.000000
  -18.396  -12.117  -10.600   -5.929    1.534    5.740    6.427    6.661
            0.233333  0.404145  0.000000
  -18.141  -12.380  -10.849   -5.650    1.187    6.104    6.778    7.039
            0.241667  0.418579  0.000000
  -17.879  -12.636  -11.093   -5.367    0.846    6.479    7.131    7.430
            0.250000  0.433013  0.000000
  -17.610  -12.884  -11.330   -5.080    0.514    6.866    7.479    7.835
            0.258333  0.447446  0.000000
  -17.335  -13.126  -11.560   -4.790    0.189    7.263    7.808    8.253
            0.266667  0.461880  0.000000
  -17.056  -13.360  -11.782   -4.499   -0.128    7.670    8.093    8.685
            0.275000  0.476314  0.000000
  -16.772  -13.587  -11.995   -4.209   -0.436    8.085    8.299    9.129
            0.283333  0.490748  0.000000
  -16.486  -13.806  -12.196   -3.920   -0.735    8.408    8.506    9.587
            0.291667  0.505181  0.000000
  -16.200  -14.017  -12.385   -3.634   -1.024    8.437    8.930   10.057
            0.300000  0.519615  0.000000
  -15.917  -14.220  -12.557   -3.354   -1.304    8.419    9.350   10.537
            0.308333  0.534049  0.000000
  -15.642  -14.416  -12.708   -3.080   -1.574    8.382    9.757   10.762
            0.316667  0.548483  0.000000
  -15.382  -14.603  -12.831   -2.815   -1.833    8.344   10.130   10.735
            0.325000  0.562917  0.000000
  -15.148  -14.783  -12.916   -2.562   -2.083    8.316   10.431   10.681
            0.333333  0.577350  0.000000
  -14.954  -14.954  -12.948   -2.321   -2.321    8.306   10.602   10.602
            0.337500  0.570133  0.000000
  -15.037  -14.878  -12.939   -2.437   -2.207    8.309   10.554   10.628
            0.341667  0.562917  0.000000
  -15.118  -14.818  -12.912   -2.549   -2.096    8.317   10.502   10.619
            0.345833  0.555700  0.000000
  -15.196  -14.774  -12.865   -2.659   -1.989    8.332   10.445   10.584
            0.350000  0.548483  0.000000
  -15.273  -14.746  -12.800   -2.766   -1.886    8.353   10.385   10.530
            0.354167  0.541266  0.000000
  -15.347  -14.733  -12.717   -2.871   -1.788    8.380   10.322   10.462
            0.358333  0.534049  0.000000
  -15.420  -14.732  -12.619   -2.973   -1.695    8.414   10.256   10.380
            0.362500  0.526832  0.000000
  -15.490  -14.743  -12.507   -3.071   -1.606    8.454   10.189   10.283
            0.366667  0.519615  0.000000
  -15.558  -14.763  -12.385   -3.167   -1.522    8.500   10.121   10.167
            0.370833  0.512398  0.000000
  -15.625  -14.789  -12.254   -3.261   -1.442    8.551   10.027   10.052
            0.375000  0.505181  0.000000
  -15.689  -14.821  -12.116   -3.351   -1.368    8.608    9.861    9.982
            0.379167  0.497965  0.000000
  -15.751  -14.856  -11.972   -3.439   -1.298    8.669    9.672    9.913
            0.383333  0.490748  0.000000
  -15.811  -14.894  -11.824   -3.523   -1.232    8.734    9.469    9.845
            0.387500  0.483531  0.000000
  -15.869  -14.934  -11.673   -3.605   -1.172    8.803    9.254    9.777
            0.391667  0.476314  0.000000
  -15.924  -14.975  -11.521   -3.684   -1.116    8.874    9.034    9.711
            0.395833  0.469097  0.000000
  -15.978  -15.016  -11.366   -3.760   -1.064    8.809    8.947    9.645
            0.400000  0.461880  0.000000
  -16.030  -15.058  -11.212   -3.833   -1.016    8.583    9.020    9.581
            0.404167  0.454663  0.000000
  -16.079  -15.099  -11.057   -3.903   -0.972    8.357    9.092    9.519
            0.408333  0.447446  0.000000
  -16.127  -15.139  -10.903   -3.971   -0.932    8.132    9.162    9.459
            0.412500  0.440230  0.000000
  -16.172  -15.179  -10.750   -4.035   -0.896    7.910    9.229    9.401
            0.416667  0.433013  0.000000
  -16.215  -15.217  -10.599   -4.096   -0.863    7.690    9.291    9.345
            0.420833  0.425796  0.000000
  -16.256  -15.254  -10.450   -4.155   -0.834    7.475    9.291    9.348
            0.425000  0.418579  0.000000
  -16.296  -15.290  -10.305   -4.210   -0.807    7.265    9.240    9.399
            0.429167  0.411362  0.000000
  -16.332  -15.324  -10.162   -4.263   -0.783    7.061    9.191    9.364
            0.433333  0.404145  0.000000
  -16.367  -15.357  -10.024   -4.312   -0.762    6.864    9.144    9.314
            0.437500  0.396928  0.000000
  -16.400  -15.388   -9.889   -4.359   -0.743    6.673    9.100    9.266
            0.441667  0.389711  0.000000
  -16.431  -15.417   -9.760   -4.403   -0.726    6.491    9.059    9.222
            0.445833  0.382495  0.000000
  -16.459  -15.444   -9.637   -4.443   -0.711    6.318    9.020    9.180
            0.450000  0.375278  0.000000
  -16.486  -15.470   -9.519   -4.481   -0.699    6.153    8.984    9.142
            0.454167  0.368061  0.000000
  -16.510  -15.494   -9.409   -4.515   -0.687    5.999    8.951    9.106
            0.458333  0.360844  0.000000
  -16.532  -15.515   -9.305   -4.547   -0.678    5.856    8.921    9.074
            0.462500  0.353627  0.000000
  -16.552  -15.535   -9.210   -4.576   -0.669    5.724    8.893    9.044
            0.466667  0.346410  0.000000
  -16.570  -15.553   -9.122   -4.601   -0.662    5.604    8.868    9.018
            0.470833  0.339193  0.000000
  -16.586  -15.569   -9.044   -4.624   -0.656    5.497    8.846    8.994
            0.475000  0.331976  0.000000
  -16.600  -15.582   -8.975   -4.644   -0.651    5.403    8.827    8.974
            0.479167  0.324760  0.000000
  -16.611  -15.594   -8.915   -4.660   -0.647    5.322    8.811    8.957
            0.483333  0.317543  0.000000
  -16.621  -15.603   -8.866   -4.674   -0.644    5.255    8.798    8.943
            0.487500  0.310326  0.000000
  -16.628  -15.611   -8.828   -4.684   -0.641    5.203    8.788    8.932
            0.491667  0.303109  0.000000
  -16.633  -15.616   -8.800   -4.692   -0.639    5.166    8.780    8.924
            0.495833  0.295892  0.000000
  -16.637  -15.619   -8.783   -4.696   -0.638    5.143    8.776    8.919
            0.500000  0.288675  0.000000
  -16.638  -15.620   -8.778   -4.698   -0.638    5.136    8.775    8.918
            0.487500  0.281458  0.000000
  -16.705  -15.547   -8.774   -4.722   -0.608    5.137    8.457    9.234
            0.475000  0.274241  0.000000
  -16.869  -15.366   -8.763   -4.794   -0.519    5.143    8.085    8.857
            0.462500  0.267024  0.000000
  -17.077  -15.131   -8.744   -4.906   -0.377    5.152    7.718    8.486
            0.450000  0.259808  0.000000
  -17.302  -14.868   -8.719   -5.052   -0.191    5.165    7.360    8.122
            0.437500  0.252591  0.000000
  -17.531  -14.589   -8.686   -5.224    0.033    5.181    7.011    7.766
            0.425000  0.245374  0.000000
  -17.761  -14.299   -8.645   -5.414    0.286    5.199    6.671    7.420
            0.412500  0.238157  0.000000
  -17.989  -14.000   -8.598   -5.617    0.562    5.221    6.342    7.082
            0.400000  0.230940  0.000000
  -18.213  -13.695   -8.543   -5.828    0.858    5.242    6.024    6.754
            0.387500  0.223723  0.000000
  -18.432  -13.384   -8.482   -6.044    1.168    5.259    5.723    6.436
            0.375000  0.216506  0.000000
  -18.646  -13.069   -8.413   -6.262    1.490    5.235    5.476    6.127
            0.362500  0.209289  0.000000
  -18.854  -12.749   -8.338   -6.480    1.821    5.049    5.403    5.828
            0.350000  0.202073  0.000000
  -19.056  -12.426   -8.257   -6.696    2.159    4.785    5.416    5.540
            0.337500  0.194856  0.000000
  -19.252  -12.100   -8.169   -6.909    2.502    4.516    5.261    5.380
            0.325000  0.187639  0.000000
  -19.442  -11.771   -8.075   -7.118    2.848    4.254    4.994    5.131
            0.312500  0.180422  0.000000
  -19.625  -11.440   -7.975   -7.323    3.194    4.000    4.738    4.871
            0.300000  0.173205  0.000000
  -19.802  -11.108   -7.870   -7.522    3.536    3.755    4.497    4.619
            0.287500  0.165988  0.000000
  -19.971  -10.775   -7.759   -7.715    3.520    3.852    4.290    4.377
            0.275000  0.158771  0.000000
  -20.134  -10.441   -7.902   -7.644    3.294    3.936    4.146    4.319
            0.262500  0.151554  0.000000
  -20.291  -10.109   -8.082   -7.524    3.078    3.758    3.924    4.593
            0.250000  0.144338  0.000000
  -20.440   -9.777   -8.255   -7.400    2.872    3.559    3.713    4.655
            0.237500  0.137121  0.000000
  -20.582   -9.448   -8.420   -7.272    2.676    3.364    3.512    4.488
            0.225000  0.129904  0.000000
  -20.717   -9.122   -8.578   -7.141    2.489    3.177    3.321    4.307
            0.212500  0.122687  0.000000
  -20.845   -8.799   -8.728   -7.008    2.313    2.999    3.141    4.132
            0.200000  0.115470  0.000000
  -20.966   -8.871   -8.482   -6.874    2.146    2.831    2.971    3.965
            0.187500  0.108253  0.000000
  -21.080   -9.005   -8.171   -6.739    1.990    2.673    2.811    3.808
            0.175000  0.101036  0.000000
  -21.187   -9.131   -7.868   -6.603    1.844    2.525    2.661    3.661
            0.162500  0.093819  0.000000
  -21.286   -9.249   -7.573   -6.469    1.707    2.387    2.522    3.524
            0.150000  0.086603  0.000000
  -21.378   -9.358   -7.289   -6.336    1.581    2.260    2.393    3.396
            0.137500  0.079386  0.000000
  -21.463   -9.459   -7.018   -6.207    1.465    2.142    2.275    3.279
            0.125000  0.072169  0.000000
  -21.540   -9.551   -6.760   -6.082    1.359    2.035    2.166    3.172
            0.112500  0.064952  0.000000
  -21.611   -9.635   -6.518   -5.963    1.263    1.937    2.068    3.075
            0.100000  0.057735  0.000000
  -21.673   -9.710   -6.294   -5.851    1.177    1.850    1.981    2.989
            0.087500  0.050518  0.000000
  -21.729   -9.777   -6.090   -5.747    1.102    1.773    1.903    2.912
            0.075000  0.043301  0.000000
  -21.777   -9.834   -5.907   -5.654    1.036    1.707    1.836    2.846
            0.062500  0.036084  0.000000
  -21.818   -9.883   -5.749   -5.571    0.980    1.651    1.780    2.790
            0.050000  0.028868  0.000000
  -21.851   -9.923   -5.616   -5.502    0.935    1.604    1.733    2.744
            0.037500  0.021651  0.000000
  -21.877   -9.954   -5.511   -5.447    0.899    1.569    1.697    2.708
            0.025000  0.014434  0.000000
  -21.896   -9.976   -5.435   -5.406    0.874    1.543    1.671    2.682
            0.012500  0.007217  0.000000
  -21.907   -9.989   -5.389   -5.382    0.859    1.528    1.656    2.667
            0.000000  0.000000  0.000000
  -21.910   -9.994   -5.374   -5.374    0.854    1.522    1.651    2.662
